ITERATION NUMBER | [  666,  666] | [  667,  667] | [  668,  668] | [  669,  669] | [  670,  670] | [  671,  671]
-----------------+---------------+---------------+---------------+---------------+---------------+-------------- 
ITERATION    100 |          0.00 |          0.00 |          0.00 |          0.00 |          0.00 |          0.00 
ITERATION    200 |          0.00 |          0.00 |          0.00 |          0.00 |          0.00 |          0.00 
ITERATION    300 |          0.00 |          0.00 |          0.00 |          0.00 |          0.00 |          0.00 
ITERATION    400 |          0.00 |          0.00 |          0.00 |          0.00 |          0.00 |          0.00 
ITERATION    500 |          0.00 |          0.00 |          0.00 |          0.00 |          0.00 |          0.00 
ITERATION    600 |          0.00 |          0.00 |          0.00 |          0.00 |          0.00 |          0.00 
ITERATION    700 |          0.00 |          0.00 |          0.00 |          0.00 |          0.00 |          0.00 
ITERATION    800 |          0.00 |          0.00 |          0.00 |          0.00 |          0.00 |          0.00 
ITERATION    900 |          0.00 |          0.00 |          0.00 |          0.00 |          0.00 |          0.00 
ITERATION   1000 |          0.00 |          0.00 |          0.00 |          0.00 |          0.00 |          0.00 
ITERATION   1100 |          0.00 |          0.00 |          0.00 |          0.00 |          0.00 |          0.00 
ITERATION   1200 |          0.00 |          0.00 |          0.00 |          0.00 |          0.00 |          0.00 
ITERATION   1300 |          0.00 |          0.00 |          0.00 |          0.00 |          0.00 |          0.00 
ITERATION   1400 |          0.00 |          0.00 |          0.00 |          0.00 |          0.00 |          0.00 
ITERATION   1500 |          0.00 |          0.00 |          0.00 |          0.00 |          0.00 |          0.00 
ITERATION   1600 |          0.00 |          0.00 |          0.00 |          0.00 |          0.00 |          0.00 
ITERATION   1700 |          0.00 |          0.00 |          0.00 |          0.00 |          0.00 |          0.00 
ITERATION   1800 |          0.00 |          0.00 |          0.00 |          0.00 |          0.00 |          0.00 
ITERATION   1900 |          0.00 |          0.00 |          0.00 |          0.00 |          0.00 |          0.00 
ITERATION   2000 |          0.00 |          0.00 |          0.00 |          0.00 |          0.00 |          0.00 
ITERATION   2100 |          0.00 |          0.00 |          0.00 |          0.00 |          0.00 |          0.00 
ITERATION   2200 |          0.00 |          0.00 |          0.00 |          0.00 |          0.00 |          0.00 
ITERATION   2300 |          0.00 |          0.00 |          0.00 |          0.00 |          0.00 |          0.00 
ITERATION   2400 |          0.00 |          0.00 |          0.00 |          0.00 |          0.00 |          0.00 
ITERATION   2500 |          0.00 |          0.00 |          0.00 |          0.00 |          0.00 |          0.00 
ITERATION   2600 |          0.00 |          0.00 |          0.00 |          0.00 |          0.00 |          0.00 
ITERATION   2700 |          0.00 |          0.00 |          0.00 |          0.00 |          0.00 |          0.00 
ITERATION   2800 |          0.00 |          0.00 |          0.00 |          0.00 |          0.00 |          0.00 
ITERATION   2900 |          0.00 |          0.00 |          0.00 |          0.00 |          0.00 |          0.00 
ITERATION   3000 |          0.00 |          0.00 |          0.00 |          0.00 |          0.00 |          0.00 
ITERATION   3100 |          0.00 |          0.00 |          0.00 |          0.00 |          0.00 |          0.00 
ITERATION   3200 |          0.00 |          0.00 |          0.00 |          0.00 |          0.00 |          0.00 

Language used: FORTRAN.
Version run: openacc_small.
The maximum temperature change was reached at iteration 3264 was 0.009998997153914502
Total time was 0.5 seconds.
